u_exct(1)= 0.00069404
u_exct(2)= 0.275621
u_exct(3)= 0.290847
u_exct(4)= 0.303994
u_exct(5)= 0.326826
u_exct(6)= 0.371038
u_exct(7)= 0.330015
u_exct(8)= 0.32307
u_exct(9)= 0.0252893
u_exct(10)= -0.318994
u_exct(11)= -0.427191
u_exct(12)= -0.515279
u_exct(13)= -0.392034
u_exct(14)= -0.336623
u_exct(15)= -0.277749
u_exct(16)= -0.214023
u_exct(17)= -6.20706e-17
