    y_exct(1)= -0.500000
    y_exct(2)= -0.437680
    y_exct(3)= -0.429602
    y_exct(4)= -0.421523
    y_exct(5)= -0.406521
    y_exct(6)= -0.343624
    y_exct(7)= -0.273803
    y_exct(8)= -0.265724
    y_exct(9)= -0.000289
    y_exct(10)= 0.304962
    y_exct(11)= 0.359781
    y_exct(12)= 0.406520
    y_exct(13)= 0.445182
    y_exct(14)= 0.453260
    y_exct(15)= 0.461339
    y_exct(16)= 0.468840
    y_exct(17)= 0.500000
